9.161716461181640625e+00
8.618904113769531250e+00
8.766130447387695312e+00
9.439926147460937500e+00
1.020055389404296875e+01
1.108659362792968750e+01
1.231238269805908203e+01
1.298024845123291016e+01
1.323210430145263672e+01
1.338822555541992188e+01
1.353977394104003906e+01
1.359566783905029297e+01
1.366518020629882812e+01
1.372401809692382812e+01
1.383551788330078125e+01
1.413549900054931641e+01
1.440599727630615234e+01
1.452385234832763672e+01
1.429129219055175781e+01
1.375462341308593750e+01
1.318224334716796875e+01
1.187230491638183594e+01
1.029974460601806641e+01
9.230458259582519531e+00
8.649484634399414062e+00
8.767723083496093750e+00
9.414355278015136719e+00
1.010753726959228516e+01
1.094971275329589844e+01
1.212371730804443359e+01
1.297362041473388672e+01
1.344770336151123047e+01
1.380009841918945312e+01
1.403629875183105469e+01
1.409791088104248047e+01
1.415227413177490234e+01
1.420700740814208984e+01
1.426598453521728516e+01
1.449920654296875000e+01
1.481192684173583984e+01
1.493189430236816406e+01
1.465004444122314453e+01
1.396025848388671875e+01
1.334023666381835938e+01
1.212975692749023438e+01
1.071711349487304688e+01
9.678442001342773438e+00
8.975313186645507812e+00
8.970680236816406250e+00
9.543754577636718750e+00
1.015943622589111328e+01
1.055292034149169922e+01
1.107312679290771484e+01
1.197640037536621094e+01
1.291400146484375000e+01
1.380421733856201172e+01
1.455179023742675781e+01
1.507504653930664062e+01
1.535787963867187500e+01
1.562778091430664062e+01
1.612159919738769531e+01
1.683619689941406250e+01
1.761675834655761719e+01
1.805971336364746094e+01
1.789243888854980469e+01
1.715659713745117188e+01
1.651561737060546875e+01
1.546527290344238281e+01
1.369398689270019531e+01
1.190393733978271484e+01
1.022128677368164062e+01
9.550823211669921875e+00
9.696219444274902344e+00
1.010991096496582031e+01
1.060376262664794922e+01
1.139026260375976562e+01
1.243959903717041016e+01
1.320394039154052734e+01
1.358806228637695312e+01
1.377337646484375000e+01
1.383296871185302734e+01
1.378544235229492188e+01
1.367469406127929688e+01
1.365368080139160156e+01
1.390136337280273438e+01
1.438433933258056641e+01
1.476973056793212891e+01
1.470916748046875000e+01
1.437837028503417969e+01
1.421467494964599609e+01
1.322286701202392578e+01
1.128782081604003906e+01
9.782260894775390625e+00
8.841083526611328125e+00
8.690965652465820312e+00
9.193319320678710938e+00
9.983131408691406250e+00
1.107250595092773438e+01
1.244075489044189453e+01
1.321734523773193359e+01
1.357706832885742188e+01
1.386562156677246094e+01
1.414562129974365234e+01
1.432906150817871094e+01
1.434247970581054688e+01
1.434671783447265625e+01
1.450556850433349609e+01
1.476981258392333984e+01
1.497302818298339844e+01
1.490430641174316406e+01
1.463836574554443359e+01
1.404904460906982422e+01
1.346974658966064453e+01
1.212783432006835938e+01
1.051392364501953125e+01
9.422084808349609375e+00
8.802253723144531250e+00
8.886006355285644531e+00
9.525306701660156250e+00
1.023291778564453125e+01
1.113088893890380859e+01
1.238724040985107422e+01
1.312399673461914062e+01
1.346811485290527344e+01
1.370976638793945312e+01
1.389779376983642578e+01
1.397800922393798828e+01
1.405277442932128906e+01
1.417582607269287109e+01
1.441081809997558594e+01
1.482563018798828125e+01
1.525497817993164062e+01
1.536686801910400391e+01
1.504426765441894531e+01
1.433334255218505859e+01
1.356404399871826172e+01
1.214301204681396484e+01
1.048741245269775391e+01
9.384874343872070312e+00
8.787642478942871094e+00
8.884586334228515625e+00
9.553426742553710938e+00
1.031285476684570312e+01
1.127048969268798828e+01
1.256962203979492188e+01
1.340019512176513672e+01
1.388556861877441406e+01
1.424893379211425781e+01
1.460685253143310547e+01
1.482432556152343750e+01
1.500162696838378906e+01
1.526974391937255859e+01
1.545865631103515625e+01
1.567060756683349609e+01
1.583346557617187500e+01
1.581600952148437500e+01
1.545941162109375000e+01
1.489839363098144531e+01
1.407512950897216797e+01
1.250218963623046875e+01
1.086471080780029297e+01
9.773826599121093750e+00
9.145822525024414062e+00
9.231229782104492188e+00
9.921746253967285156e+00
1.075709152221679688e+01
1.176425838470458984e+01
1.303426361083984375e+01
1.385056591033935547e+01
1.441750717163085938e+01
1.495353031158447266e+01
1.527464294433593750e+01
1.534593677520751953e+01
1.550856590270996094e+01
1.583749389648437500e+01
1.627977561950683594e+01
1.678281593322753906e+01
1.699816131591796875e+01
1.701348686218261719e+01
1.667139816284179688e+01
1.578817558288574219e+01
1.500873661041259766e+01
1.376665306091308594e+01
1.203756427764892578e+01
1.065815353393554688e+01
9.643899917602539062e+00
9.483393669128417969e+00
1.004238319396972656e+01
1.083360290527343750e+01
1.202427864074707031e+01
1.367950820922851562e+01
1.474999141693115234e+01
1.554760456085205078e+01
1.627194595336914062e+01
1.686572456359863281e+01
1.713297462463378906e+01
1.730148696899414062e+01
1.759568023681640625e+01
1.807818603515625000e+01
1.873278427124023438e+01
1.925388526916503906e+01
1.938348579406738281e+01
1.892350769042968750e+01
1.773290443420410156e+01
1.675379180908203125e+01
1.552997589111328125e+01
1.375565338134765625e+01
1.226549816131591797e+01
1.092716789245605469e+01
1.048852539062500000e+01
1.078803062438964844e+01
1.125629806518554688e+01
1.186020755767822266e+01
1.314149761199951172e+01
1.468242835998535156e+01
1.586124134063720703e+01
1.688700485229492188e+01
1.770979690551757812e+01
1.830290985107421875e+01
1.862952613830566406e+01
1.894656181335449219e+01
1.933636856079101562e+01
1.971322631835937500e+01
1.996659851074218750e+01
1.994750595092773438e+01
1.943654823303222656e+01
1.821943664550781250e+01
1.737098884582519531e+01
1.639931869506835938e+01
1.485151576995849609e+01
1.333860778808593750e+01
1.174720573425292969e+01
1.109710311889648438e+01
1.129445457458496094e+01
1.170634174346923828e+01
1.212037849426269531e+01
1.305076789855957031e+01
1.457336044311523438e+01
1.589338207244873047e+01
1.689191246032714844e+01
1.769909095764160156e+01
1.835264778137207031e+01
1.883036041259765625e+01
1.931151771545410156e+01
1.986358833312988281e+01
2.047401046752929688e+01
2.094507217407226562e+01
2.112854385375976562e+01
2.088533782958984375e+01
2.020932006835937500e+01
1.970011138916015625e+01
1.865759468078613281e+01
1.651498603820800781e+01
1.434631633758544922e+01
1.246635818481445312e+01
1.187717056274414062e+01
1.228407478332519531e+01
1.314116954803466797e+01
1.467154407501220703e+01
1.681923103332519531e+01
1.806075859069824219e+01
1.878881263732910156e+01
1.943688964843750000e+01
2.013158607482910156e+01
2.080438232421875000e+01
2.131383323669433594e+01
2.173717498779296875e+01
2.208072662353515625e+01
2.256689834594726562e+01
2.289706802368164062e+01
2.308803176879882812e+01
2.307020950317382812e+01
2.238795280456542969e+01
2.131858062744140625e+01
1.924086570739746094e+01
1.619098854064941406e+01
1.396460151672363281e+01
1.232534408569335938e+01
1.167944526672363281e+01
1.186482620239257812e+01
1.246529865264892578e+01
1.369750595092773438e+01
1.571367454528808594e+01
1.672189521789550781e+01
1.685624504089355469e+01
1.692847442626953125e+01
1.703978729248046875e+01
1.718110847473144531e+01
1.755244064331054688e+01
1.795625495910644531e+01
1.826755523681640625e+01
1.868316078186035156e+01
1.905868911743164062e+01
1.910574340820312500e+01
1.867519378662109375e+01
1.746831130981445312e+01
1.630753898620605469e+01
1.493511295318603516e+01
1.307474517822265625e+01
1.159313774108886719e+01
1.055289745330810547e+01
1.031192970275878906e+01
1.078300476074218750e+01
1.155170440673828125e+01
1.277099704742431641e+01
1.438741397857666016e+01
1.519606781005859375e+01
1.560794925689697266e+01
1.590293312072753906e+01
1.614941596984863281e+01
1.635155677795410156e+01
1.656327056884765625e+01
1.695312881469726562e+01
1.743506622314453125e+01
1.801477050781250000e+01
1.837231063842773438e+01
1.834462928771972656e+01
1.766277122497558594e+01
1.628198814392089844e+01
1.518812561035156250e+01
1.397719192504882812e+01
1.234436988830566406e+01
1.100938987731933594e+01
1.006454467773437500e+01
9.908376693725585938e+00
1.042828941345214844e+01
1.117980861663818359e+01
1.229851150512695312e+01
1.382813262939453125e+01
1.460753917694091797e+01
1.505102539062500000e+01
1.546830654144287109e+01
1.587344360351562500e+01
1.600996780395507812e+01
1.614810562133789062e+01
1.635974884033203125e+01
1.647869873046875000e+01
1.683631706237792969e+01
1.736828422546386719e+01
1.763008499145507812e+01
1.722355079650878906e+01
1.607567977905273438e+01
1.496241188049316406e+01
1.365794563293457031e+01
1.198092269897460938e+01
1.072491455078125000e+01
9.833423614501953125e+00
9.712953567504882812e+00
1.028113174438476562e+01
1.106292629241943359e+01
1.213005065917968750e+01
1.360092735290527344e+01
1.457304859161376953e+01
1.525155067443847656e+01
1.589012718200683594e+01
1.639474105834960938e+01
1.678039169311523438e+01
1.708628463745117188e+01
1.740359497070312500e+01
1.784564018249511719e+01
1.841290092468261719e+01
1.890191078186035156e+01
1.896129989624023438e+01
1.824159240722656250e+01
1.670177459716796875e+01
1.552618885040283203e+01
1.436082363128662109e+01
1.290727519989013672e+01
1.166253280639648438e+01
1.053209114074707031e+01
1.019403457641601562e+01
1.055978584289550781e+01
1.104572677612304688e+01
1.158052921295166016e+01
1.262252807617187500e+01
1.390692806243896484e+01
1.498939323425292969e+01
1.585815811157226562e+01
1.655704307556152344e+01
1.696428489685058594e+01
1.719323348999023438e+01
1.745306015014648438e+01
1.786566543579101562e+01
1.841110229492187500e+01
1.899351119995117188e+01
1.917915344238281250e+01
1.849797821044921875e+01
1.703919410705566406e+01
1.594363594055175781e+01
1.488811683654785156e+01
1.346989154815673828e+01
1.225170230865478516e+01
1.092977142333984375e+01
1.040750885009765625e+01
1.067896080017089844e+01
1.116181468963623047e+01
1.161958312988281250e+01
1.250671958923339844e+01
1.388437938690185547e+01
1.512554740905761719e+01
1.629001045227050781e+01
1.738918876647949219e+01
1.831873893737792969e+01
1.897303390502929688e+01
1.959061431884765625e+01
2.002112770080566406e+01
2.021296119689941406e+01
2.046809387207031250e+01
2.070958328247070312e+01
2.061508750915527344e+01
2.012317466735839844e+01
1.976414108276367188e+01
1.827743721008300781e+01
1.587306499481201172e+01
1.390030765533447266e+01
1.238918399810791016e+01
1.203695297241210938e+01
1.264354705810546875e+01
1.369620895385742188e+01
1.516374492645263672e+01
1.715494155883789062e+01
1.835222053527832031e+01
1.918573760986328125e+01
1.993915939331054688e+01
2.063058662414550781e+01
2.118376159667968750e+01
2.159119796752929688e+01
2.192955780029296875e+01
2.230697822570800781e+01
2.271929550170898438e+01
2.304607391357421875e+01
2.318163871765136719e+01
2.290622138977050781e+01
2.181915283203125000e+01
2.050783538818359375e+01
1.856975555419921875e+01
1.619369316101074219e+01
1.447379493713378906e+01
1.302165699005126953e+01
1.247433853149414062e+01
1.268646717071533203e+01
1.321127700805664062e+01
1.428343582153320312e+01
1.612845230102539062e+01
1.693426322937011719e+01
1.682038879394531250e+01
1.665062332153320312e+01
1.674360656738281250e+01
1.709865188598632812e+01
1.733630943298339844e+01
1.750203895568847656e+01
1.769261169433593750e+01
1.793851089477539062e+01
1.801871490478515625e+01
1.770538139343261719e+01
1.696555900573730469e+01
1.589533615112304688e+01
1.493265151977539062e+01
1.382181549072265625e+01
1.232592105865478516e+01
1.111058425903320312e+01
1.023979759216308594e+01
1.006654739379882812e+01
1.050478839874267578e+01
1.119085502624511719e+01
1.210431766510009766e+01
1.339933967590332031e+01
1.427018833160400391e+01
1.483981895446777344e+01
1.533461666107177734e+01
1.577265548706054688e+01
1.588835048675537109e+01
1.610068702697753906e+01
1.646368217468261719e+01
1.683578872680664062e+01
1.743946456909179688e+01
1.794949150085449219e+01
1.807202148437500000e+01
1.753598976135253906e+01
1.632579612731933594e+01
1.524808406829833984e+01
1.389935874938964844e+01
1.220011520385742188e+01
1.081672286987304688e+01
9.820504188537597656e+00
9.650352478027343750e+00
1.016527557373046875e+01
1.092077064514160156e+01
1.196302032470703125e+01
1.339539146423339844e+01
1.435331439971923828e+01
1.505132484436035156e+01
1.556347656250000000e+01
1.593969821929931641e+01
1.614667510986328125e+01
1.634693908691406250e+01
1.664875602722167969e+01
1.709977722167968750e+01
1.760828399658203125e+01
1.805333137512207031e+01
1.808317947387695312e+01
1.737712669372558594e+01
1.603932571411132812e+01
1.502783393859863281e+01
1.387556934356689453e+01
1.241764450073242188e+01
1.118327331542968750e+01
1.011641883850097656e+01
9.834255218505859375e+00
1.024377822875976562e+01
1.078322792053222656e+01
1.119143104553222656e+01
1.173101997375488281e+01
1.241136074066162109e+01
1.303212356567382812e+01
1.342404365539550781e+01
1.372168159484863281e+01
1.395742702484130859e+01
1.395909118652343750e+01
1.380453014373779297e+01
1.376915454864501953e+01
1.388125610351562500e+01
1.415695667266845703e+01
1.416710758209228516e+01
1.382929325103759766e+01
1.330505752563476562e+01
1.287003135681152344e+01
1.207228279113769531e+01
1.086575031280517578e+01
9.954057693481445312e+00
9.155941009521484375e+00
8.940609931945800781e+00
9.258511543273925781e+00
9.676461219787597656e+00
1.000437927246093750e+01
1.051126480102539062e+01
1.127646923065185547e+01
1.207561492919921875e+01
1.270259666442871094e+01
1.317448043823242188e+01
1.347434425354003906e+01
1.359992790222167969e+01
1.365219783782958984e+01
1.377679443359375000e+01
1.399261665344238281e+01
1.432425785064697266e+01
1.457095718383789062e+01
1.430829524993896484e+01
1.383139801025390625e+01
1.346656703948974609e+01
1.258720684051513672e+01
1.121960449218750000e+01
1.008114051818847656e+01
9.057453155517578125e+00
8.742273330688476562e+00
9.065110206604003906e+00
9.560974121093750000e+00
9.993858337402343750e+00
1.055163955688476562e+01
1.137702846527099609e+01
1.228763198852539062e+01
1.311489868164062500e+01
1.383738994598388672e+01
1.431681632995605469e+01
1.452707862854003906e+01
1.464641666412353516e+01
1.499474811553955078e+01
1.560280799865722656e+01
1.632375907897949219e+01
1.681081771850585938e+01
1.664418983459472656e+01
1.614495658874511719e+01
1.577918052673339844e+01
1.454873561859130859e+01
1.253184509277343750e+01
1.088955211639404297e+01
9.577826499938964844e+00
9.165334701538085938e+00
9.552129745483398438e+00
1.035815620422363281e+01
1.152299213409423828e+01
1.313580036163330078e+01
1.425351238250732422e+01
1.504992198944091797e+01
1.572381782531738281e+01
1.629791259765625000e+01
1.676748466491699219e+01
1.720617485046386719e+01
1.767325973510742188e+01
1.824326133728027344e+01
1.886987876892089844e+01
1.937319374084472656e+01
1.947813796997070312e+01
1.879175376892089844e+01
1.746525382995605469e+01
1.631162071228027344e+01
1.501043796539306641e+01
1.321432399749755859e+01
1.179640293121337891e+01
1.074577903747558594e+01
1.053299713134765625e+01
1.110067558288574219e+01
1.198542690277099609e+01
1.311920356750488281e+01
1.472292995452880859e+01
1.590088748931884766e+01
1.681111907958984375e+01
1.769212913513183594e+01
1.848349571228027344e+01
1.916132736206054688e+01
1.964828491210937500e+01
2.007377433776855469e+01
2.059175872802734375e+01
2.105893516540527344e+01
2.151883316040039062e+01
2.176378631591796875e+01
2.139254379272460938e+01
2.033362579345703125e+01
1.945096588134765625e+01
1.809062767028808594e+01
1.590771484375000000e+01
1.403298187255859375e+01
1.249656009674072266e+01
1.197508239746093750e+01
1.237614345550537109e+01
1.317221355438232422e+01
1.452092170715332031e+01
1.662253952026367188e+01
1.799685287475585938e+01
1.885946083068847656e+01
1.966813278198242188e+01
2.036503601074218750e+01
2.085057449340820312e+01
2.127244377136230469e+01
2.174227905273437500e+01
2.221606063842773438e+01
2.260593605041503906e+01
2.283729553222656250e+01
2.279578399658203125e+01
2.231544876098632812e+01
2.148055648803710938e+01
2.082634353637695312e+01
1.963152503967285156e+01
1.755009841918945312e+01
1.572538948059082031e+01
1.405561828613281250e+01
1.357130527496337891e+01
1.402017402648925781e+01
1.481040000915527344e+01
1.596820259094238281e+01
1.787846183776855469e+01
1.917403793334960938e+01
1.999433898925781250e+01
2.075013923645019531e+01
2.142736625671386719e+01
2.198018074035644531e+01
2.228834152221679688e+01
2.189702224731445312e+01
2.180944061279296875e+01
2.232065200805664062e+01
2.281144332885742188e+01
2.301129150390625000e+01
2.279076004028320312e+01
2.204266738891601562e+01
2.121275520324707031e+01
1.982659912109375000e+01
1.746529006958007812e+01
1.541415786743164062e+01
1.377906227111816406e+01
1.321909999847412109e+01
1.356939601898193359e+01
1.449713230133056641e+01
1.580318546295166016e+01
1.733016777038574219e+01
1.807671165466308594e+01
1.828418731689453125e+01
1.847240066528320312e+01
1.890242385864257812e+01
1.946044921875000000e+01
2.002662658691406250e+01
2.056591415405273438e+01
2.104326629638671875e+01
2.138078880310058594e+01
2.172180557250976562e+01
2.183565902709960938e+01
2.095961952209472656e+01
1.957514572143554688e+01
1.822203254699707031e+01
1.695750808715820312e+01
1.538440608978271484e+01
1.397688865661621094e+01
1.263339424133300781e+01
1.215641307830810547e+01
1.247506523132324219e+01
1.302233600616455078e+01
1.347782516479492188e+01
1.422885894775390625e+01
1.531765651702880859e+01
1.647358131408691406e+01
1.736240196228027344e+01
1.783254814147949219e+01
1.788022994995117188e+01
1.767616081237792969e+01
1.769527626037597656e+01
1.810786247253417969e+01
1.836165618896484375e+01
1.816594505310058594e+01
1.784717941284179688e+01
1.722451782226562500e+01
1.631197547912597656e+01
1.576987266540527344e+01
1.502983093261718750e+01
1.376265144348144531e+01
1.246231079101562500e+01
1.116561603546142578e+01
1.060449600219726562e+01
1.076025581359863281e+01
1.115305328369140625e+01
1.150110054016113281e+01
1.220106315612792969e+01
1.324341201782226562e+01
1.421015262603759766e+01
1.504298019409179688e+01
1.579506969451904297e+01
1.630512428283691406e+01
1.659078979492187500e+01
1.687027359008789062e+01
1.737602615356445312e+01
1.800118446350097656e+01
1.854032707214355469e+01
1.884852218627929688e+01
1.843326187133789062e+01
1.753636550903320312e+01
1.701047134399414062e+01
1.592917728424072266e+01
1.398590469360351562e+01
1.223062801361083984e+01
1.068849945068359375e+01
1.015622329711914062e+01
1.058287811279296875e+01
1.155442142486572266e+01
1.294287300109863281e+01
1.458465385437011719e+01
1.549439907073974609e+01
1.609984397888183594e+01
1.665922927856445312e+01
1.720516395568847656e+01
1.783789634704589844e+01
1.839552879333496094e+01
1.848036193847656250e+01
1.845326423645019531e+01
1.892385101318359375e+01
1.951190185546875000e+01
1.949013900756835938e+01
1.835471534729003906e+01
1.688339614868164062e+01
1.610025405883789062e+01
1.503054904937744141e+01
1.329444789886474609e+01
1.195554924011230469e+01
1.089449214935302734e+01
1.066762161254882812e+01
1.122839832305908203e+01
1.220932579040527344e+01
1.337648200988769531e+01
1.480734443664550781e+01
1.576985931396484375e+01
1.640668487548828125e+01
1.717646408081054688e+01
1.807492256164550781e+01
1.891278839111328125e+01
1.973608207702636719e+01
2.053997039794921875e+01
2.117430496215820312e+01
2.165189361572265625e+01
2.197169685363769531e+01
2.203472137451171875e+01
2.143902206420898438e+01
2.025386810302734375e+01
1.959158325195312500e+01
1.846609497070312500e+01
1.636255073547363281e+01
1.445370292663574219e+01
1.296086502075195312e+01
1.258031845092773438e+01
1.315847206115722656e+01
1.419241142272949219e+01
1.556931400299072266e+01
1.728389358520507812e+01
1.851039314270019531e+01
1.923972320556640625e+01
1.995670890808105469e+01
2.088318634033203125e+01
2.176085853576660156e+01
2.235969734191894531e+01
2.275768470764160156e+01
2.305415153503417969e+01
2.333657455444335938e+01
2.357850074768066406e+01
2.369963836669921875e+01
2.357557487487792969e+01
2.299203109741210938e+01
2.243664741516113281e+01
2.151067733764648438e+01
1.947438812255859375e+01
1.731489562988281250e+01
1.484143543243408203e+01
1.399529933929443359e+01
1.442786979675292969e+01
1.540103626251220703e+01
1.668525314331054688e+01
1.824534225463867188e+01
1.894746017456054688e+01
1.902928352355957031e+01
1.918148994445800781e+01
1.951725006103515625e+01
1.987338829040527344e+01
2.022617912292480469e+01
2.083709716796875000e+01
2.150754737854003906e+01
2.198262977600097656e+01
2.233170700073242188e+01
2.240467643737792969e+01
2.188887977600097656e+01
2.087920951843261719e+01
1.924822807312011719e+01
1.730547142028808594e+01
1.525242042541503906e+01
1.382786464691162109e+01
1.257442569732666016e+01
1.209468460083007812e+01
1.244674491882324219e+01
1.320325279235839844e+01
1.437321949005126953e+01
1.614494514465332031e+01
1.727154541015625000e+01
1.801587867736816406e+01
1.868023109436035156e+01
1.923801803588867188e+01
1.946853446960449219e+01
1.908471870422363281e+01
1.895663452148437500e+01
1.919215393066406250e+01
1.949449157714843750e+01
1.963634490966796875e+01
1.949127769470214844e+01
1.826482009887695312e+01
1.647991371154785156e+01
1.547086238861083984e+01
1.456368255615234375e+01
1.318936729431152344e+01
1.205776023864746094e+01
1.101346492767333984e+01
1.065447044372558594e+01
1.090926933288574219e+01
1.135393238067626953e+01
1.166174697875976562e+01
1.218890380859375000e+01
1.295614242553710938e+01
1.365653133392333984e+01
1.415188980102539062e+01
1.445478057861328125e+01
1.460109043121337891e+01
1.462181282043457031e+01
1.468437099456787109e+01
1.483599185943603516e+01
1.502477741241455078e+01
1.527056217193603516e+01
1.542001342773437500e+01
1.511684608459472656e+01
1.444846630096435547e+01
1.412771224975585938e+01
1.322274971008300781e+01
1.177852821350097656e+01
1.064322471618652344e+01
9.625000000000000000e+00
9.297185897827148438e+00
9.649716377258300781e+00
1.019320678710937500e+01
1.054163551330566406e+01
1.104900360107421875e+01
1.188369178771972656e+01
1.280578899383544922e+01
1.360729312896728516e+01
1.431309318542480469e+01
1.481855297088623047e+01
1.507871532440185547e+01
1.521038246154785156e+01
1.552390098571777344e+01
1.596436691284179688e+01
1.621140670776367188e+01
1.624801445007324219e+01
1.575192356109619141e+01
1.543878459930419922e+01
1.555043029785156250e+01
1.464247035980224609e+01
1.278187179565429688e+01
1.122169589996337891e+01
1.010972213745117188e+01
9.947610855102539062e+00
1.067288684844970703e+01
1.185255622863769531e+01
1.321633338928222656e+01
1.483585643768310547e+01
1.625206947326660156e+01
1.751798248291015625e+01
1.855425834655761719e+01
1.939427757263183594e+01
1.993695640563964844e+01
2.023863983154296875e+01
2.041184997558593750e+01
2.060373306274414062e+01
2.081204605102539062e+01
2.093888092041015625e+01
2.071477317810058594e+01
1.964647293090820312e+01
1.806843566894531250e+01
1.709650993347167969e+01
1.575874423980712891e+01
1.404090785980224609e+01
1.266386032104492188e+01
1.141882228851318359e+01
1.094889545440673828e+01
1.120710754394531250e+01
1.187450313568115234e+01
1.287430477142333984e+01
1.444020175933837891e+01
1.540195941925048828e+01
1.583942317962646484e+01
1.622151374816894531e+01
1.666265487670898438e+01
1.693926811218261719e+01
1.705422973632812500e+01
1.719532775878906250e+01
1.756404685974121094e+01
1.814339065551757812e+01
1.874913597106933594e+01
1.893865776062011719e+01
1.813356971740722656e+01
1.656537437438964844e+01
1.550632858276367188e+01
1.416737365722656250e+01
1.246509456634521484e+01
1.116487121582031250e+01
1.017701435089111328e+01
9.936294555664062500e+00
1.040632629394531250e+01
1.124116134643554688e+01
1.222433185577392578e+01
1.357342815399169922e+01
1.445767211914062500e+01
1.501766204833984375e+01
1.561888790130615234e+01
1.607205581665039062e+01
1.644508743286132812e+01
1.686581993103027344e+01
1.734920692443847656e+01
1.792713737487792969e+01
1.862881278991699219e+01
1.924961853027343750e+01
1.943347167968750000e+01
1.878616142272949219e+01
1.747814559936523438e+01
1.658720016479492188e+01
1.532492637634277344e+01
1.348545074462890625e+01
1.198107528686523438e+01
1.077846145629882812e+01
1.046292686462402344e+01
1.096903228759765625e+01
1.193774604797363281e+01
1.311596012115478516e+01
1.481916904449462891e+01
1.602367019653320312e+01
1.692321205139160156e+01
1.781327438354492188e+01
1.867986297607421875e+01
1.944934844970703125e+01
2.023445129394531250e+01
2.089881134033203125e+01
2.136177825927734375e+01
2.171782684326171875e+01
2.203235244750976562e+01
2.203922271728515625e+01
2.155941200256347656e+01
2.082511711120605469e+01
2.051146316528320312e+01
1.964486694335937500e+01
1.763390541076660156e+01
1.550396347045898438e+01
1.367448997497558594e+01
1.317584228515625000e+01
1.368669223785400391e+01
1.453933811187744141e+01
1.572397232055664062e+01
1.768645668029785156e+01
1.914118576049804688e+01
2.017927932739257812e+01
2.113815307617187500e+01
2.195223426818847656e+01
2.248755645751953125e+01
2.278708076477050781e+01
2.300806427001953125e+01
2.322523689270019531e+01
2.344925117492675781e+01
2.363994407653808594e+01
2.371789360046386719e+01
2.354168128967285156e+01
2.287775421142578125e+01
2.214585494995117188e+01
2.099352645874023438e+01
1.902970123291015625e+01
1.719612312316894531e+01
1.525346374511718750e+01
1.442984294891357422e+01
1.459076595306396484e+01
1.498119640350341797e+01
1.528689956665039062e+01
1.647823715209960938e+01
1.809064102172851562e+01
1.925545120239257812e+01
2.015350723266601562e+01
2.089803886413574219e+01
2.144880104064941406e+01
2.177729988098144531e+01
2.193462562561035156e+01
2.214879798889160156e+01
2.241596412658691406e+01
2.268109512329101562e+01
2.277684974670410156e+01
2.235986328125000000e+01
2.140281677246093750e+01
2.041286087036132812e+01
1.911480712890625000e+01
1.744321250915527344e+01
1.587839984893798828e+01
1.409484767913818359e+01
1.330712127685546875e+01
1.338216209411621094e+01
1.369564533233642578e+01
1.394643020629882812e+01
1.477355480194091797e+01
1.615305328369140625e+01
1.686133193969726562e+01
1.709331130981445312e+01
1.731482696533203125e+01
1.779444122314453125e+01
1.845090675354003906e+01
1.880128669738769531e+01
1.876101112365722656e+01
1.872553062438964844e+01
1.898463058471679688e+01
1.946514511108398438e+01
1.925826263427734375e+01
1.864877891540527344e+01
1.806637954711914062e+01
1.686635208129882812e+01
1.505253314971923828e+01
1.340040397644042969e+01
1.203880119323730469e+01
1.167709064483642578e+01
1.234628105163574219e+01
1.343034553527832031e+01
1.479279422760009766e+01
1.605813598632812500e+01
1.693780136108398438e+01
1.739888191223144531e+01
1.778554153442382812e+01
1.822572898864746094e+01
1.870474433898925781e+01
1.952466583251953125e+01
2.041291809082031250e+01
2.116867828369140625e+01
2.175219154357910156e+01
2.212777328491210938e+01
2.217671394348144531e+01
2.151355361938476562e+01
2.012737846374511719e+01
1.923958015441894531e+01
1.795452690124511719e+01
1.590998458862304688e+01
1.411052989959716797e+01
1.256676292419433594e+01
1.198356628417968750e+01
1.228404712677001953e+01
1.308488464355468750e+01
1.418466472625732422e+01
1.598355770111083984e+01
1.716448783874511719e+01
1.778228378295898438e+01
1.839820480346679688e+01
1.898720169067382812e+01
1.951701354980468750e+01
1.996402931213378906e+01
2.034679985046386719e+01
2.081951141357421875e+01
2.137895011901855469e+01
2.186246299743652344e+01
2.203145790100097656e+01
2.167029571533203125e+01
2.052918624877929688e+01
1.943610763549804688e+01
1.790337181091308594e+01
1.570017814636230469e+01
1.389680671691894531e+01
1.236955070495605469e+01
1.179411125183105469e+01
1.212256145477294922e+01
1.297293472290039062e+01
1.416643810272216797e+01
1.599952125549316406e+01
1.727646255493164062e+01
1.810542678833007812e+01
1.893823051452636719e+01
1.983591651916503906e+01
2.062263107299804688e+01
2.132849121093750000e+01
2.196106719970703125e+01
2.247641181945800781e+01
2.286969184875488281e+01
2.300239181518554688e+01
2.268408203125000000e+01
2.185057067871093750e+01
2.056960678100585938e+01
1.980519104003906250e+01
1.864874267578125000e+01
1.671418952941894531e+01
1.499091625213623047e+01
1.344016742706298828e+01
1.294327926635742188e+01
1.337099838256835938e+01
1.429052352905273438e+01
1.538301944732666016e+01
1.689801406860351562e+01
1.807672882080078125e+01
1.873900604248046875e+01
1.936075782775878906e+01
2.004463577270507812e+01
2.063652420043945312e+01
2.099193572998046875e+01
2.127086067199707031e+01
2.166665077209472656e+01
2.205784416198730469e+01
2.221532058715820312e+01
2.203627204895019531e+01
2.140769195556640625e+01
2.043576812744140625e+01
1.982170486450195312e+01
1.850352668762207031e+01
1.611782646179199219e+01
1.428987121582031250e+01
1.284860992431640625e+01
1.235421180725097656e+01
1.266716766357421875e+01
1.338746833801269531e+01
1.430269813537597656e+01
1.577423572540283203e+01
1.689606857299804688e+01
1.744455337524414062e+01
1.766855812072753906e+01
1.800182151794433594e+01
1.854707717895507812e+01
1.893468475341796875e+01
1.913747406005859375e+01
1.949854660034179688e+01
1.995916748046875000e+01
2.023389244079589844e+01
2.001734542846679688e+01
1.913445091247558594e+01
1.781261444091796875e+01
1.698275375366210938e+01
1.595774841308593750e+01
1.440588569641113281e+01
1.298067474365234375e+01
1.163943862915039062e+01
1.109175491333007812e+01
1.132775688171386719e+01
1.188821125030517578e+01
1.237204265594482422e+01
1.297481918334960938e+01
1.374378871917724609e+01
1.437375640869140625e+01
1.482151126861572266e+01
1.517839241027832031e+01
1.555224704742431641e+01
1.579903507232666016e+01
1.605682373046875000e+01
1.639479637145996094e+01
1.677235412597656250e+01
1.716375732421875000e+01
1.723817634582519531e+01
1.658553123474121094e+01
1.568140602111816406e+01
1.524339103698730469e+01
1.442048072814941406e+01
1.309662628173828125e+01
1.192483901977539062e+01
1.075295448303222656e+01
1.033462524414062500e+01
1.061692428588867188e+01
1.118083572387695312e+01
1.159298419952392578e+01
1.201306343078613281e+01
1.264025115966796875e+01
1.338950634002685547e+01
1.402568244934082031e+01
1.453173923492431641e+01
1.482323932647705078e+01
1.489898681640625000e+01
1.482959079742431641e+01
1.480413246154785156e+01
1.495772647857666016e+01
1.556962108612060547e+01
1.598294639587402344e+01
1.544164848327636719e+01
1.483032417297363281e+01
1.468206119537353516e+01
1.384148216247558594e+01
1.238787651062011719e+01
